((("Settings" .
   [0 0 0 1 0 0 0 0])
  ("color-theme" .
   [0 0 0 0 0 0 0 1 0 0 0])
  ("............" .
   [0 0 0 0 0 0 1 0 0 0 0 0])
  ("setq" .
   [1 0 0 0])
  ("fic-mode" .
   [0 0 0 0 0 1 0 0])
  ("exit" .
   [3 0 1 1])
  ("***" .
   [1 0 0])
  ("socks" .
   [1 0 0 0 0])
  ("nzb" .
   [3 0 0])
  ("nzb_name" .
   [5 0 0 0 0 0 0 0])
  ("self" .
   [1 0 0 0])
  ("import" .
   [0 0 1 2 0 0])
  ("some_crazy" .
   [0 0 0 1 0 0 0 0 0 0])
  ("varialbe" .
   [0 0 1 0 0 0 0 0])
  ("name" .
   [0 0 1 0])))
